1510019681
190279496
2050183160
73675373
840384434
2213103302
430555568
475836173
8219201
2207656124
411813074
1053282059
1198832756
1378672163
911107712
1808338961
2117905238
461002742
1290429380
58136660
404227541
1878979706
!!!
558609269
120193973
2006553215
1225941095
1113943814
592792937
2077201463
1401128642
753822323
20321540
1422189563
628769822
1824470411
661160273
1510019681
190279496
2050183160
73675373
840384434
2213103302
430555568
475836173
!!!
8219201
2207656124
411813074
1053282059
1198832756
1378672163
911107712
1808338961
2117905238
461002742
1290429380
58136660
404227541
1878979706
558609269
120193973
2006553215
1225941095
1113943814
592792937
2077201463
1401128642
!!!
753822323
20321540
1422189563
628769822
1824470411
661160273
1510019681
190279496
2050183160
73675373
840384434
2213103302
430555568
475836173
8219201
2207656124
411813074
1053282059
1198832756
1378672163
911107712
1808338961
!!!
2117905238
461002742
1290429380
58136660
404227541
1878979706
558609269
120193973
2006553215
1225941095
1113943814
592792937
2077201463
1401128642
753822323
20321540
1422189563
628769822
1824470411
661160273
1510019681
190279496
!!!
2050183160
73675373
840384434
2213103302
430555568
475836173
8219201
2207656124
411813074
1053282059
1198832756
1378672163
911107712
1808338961
2117905238
461002742
1290429380
58136660
404227541
1878979706
558609269
120193973
!!!
2006553215
1225941095
1113943814
592792937
2077201463
1401128642
753822323
20321540
1422189563
628769822
1824470411
661160273
1510019681
190279496
2050183160
73675373
840384434
2213103302
430555568
475836173
8219201
2207656124
!!!
411813074
1053282059
1198832756
1378672163
911107712
1808338961
2117905238
461002742
1290429380
58136660
404227541
1878979706
558609269
120193973
2006553215
1225941095
1113943814
592792937
2077201463
1401128642
753822323
20321540
!!!
1422189563
628769822
1824470411
661160273
1510019681
190279496
2050183160
73675373
840384434
2213103302
430555568
475836173
8219201
2207656124
411813074
1053282059
1198832756
1378672163
911107712
1808338961
2117905238
461002742
!!!
1290429380
58136660
404227541
1878979706
558609269
120193973
2006553215
1225941095
1113943814
592792937
2077201463
1401128642
753822323
20321540
1422189563
628769822
1824470411
661160273
1510019681
190279496
2050183160
73675373
!!!
840384434
2213103302
430555568
475836173
8219201
2207656124
411813074
1053282059
1198832756
1378672163
911107712
1808338961
2117905238
461002742
1290429380
58136660
404227541
1878979706
558609269
120193973
2006553215
1225941095
!!!
1113943814
592792937
2077201463
1401128642
753822323
20321540
1422189563
628769822
1824470411
661160273
1510019681
190279496
2050183160
73675373
840384434
2213103302
430555568
475836173
8219201
2207656124
411813074
1053282059
!!!
1198832756
1378672163
911107712
1808338961
2117905238
461002742
1290429380
58136660
404227541
1878979706
558609269
120193973
2006553215
1225941095
1113943814
592792937
2077201463
1401128642
753822323
20321540
1422189563
628769822
!!!
1824470411
661160273
1510019681
190279496
2050183160
73675373
840384434
2213103302
430555568
475836173
8219201
2207656124
411813074
1053282059
1198832756
1378672163
911107712
1808338961
2117905238
461002742
1290429380
58136660
!!!
404227541
1878979706
558609269
120193973
2006553215
1225941095
1113943814
592792937
2077201463
1401128642
753822323
20321540
1422189563
628769822
1824470411
661160273
1510019681
190279496
2050183160
73675373
840384434
2213103302
!!!
430555568
475836173
8219201
2207656124
411813074
1053282059
1198832756
1378672163
911107712
1808338961
2117905238
461002742
1290429380
58136660
404227541
1878979706
558609269
120193973
2006553215
1225941095
1113943814
592792937
!!!
2077201463
1401128642
753822323
20321540
1422189563
628769822
1824470411
661160273
1510019681
190279496
2050183160
73675373
840384434
2213103302
430555568
475836173
8219201
2207656124
411813074
1053282059
1198832756
1378672163
!!!
911107712
1808338961
2117905238
461002742
1290429380
58136660
404227541
1878979706
558609269
120193973
2006553215
1225941095
1113943814
592792937
2077201463
1401128642
753822323
20321540
1422189563
628769822
1824470411
661160273
!!!
1510019681
190279496
2050183160
73675373
840384434
2213103302
430555568
475836173
8219201
2207656124
411813074
1053282059
1198832756
1378672163
911107712
1808338961
2117905238
461002742
1290429380
58136660
404227541
1878979706
!!!
558609269
120193973
2006553215
1225941095
1113943814
592792937
2077201463
1401128642
753822323
20321540
1422189563
628769822
1824470411
661160273
1510019681
190279496
2050183160
73675373
840384434
2213103302
430555568
475836173
!!!
